# z                      e_perp                   e_para                   
0.000000000000000000e+00 1.000000000000000000e+00 1.000000000000000000e+00
2.214520000000000099e-01 1.000000000000000000e+00 1.000000000000000000e+00
4.429049999999999931e-01 1.000000000000000000e+00 1.000000000000000000e+00
6.643569999999999753e-01 1.000000000000000000e+00 1.000000000000000000e+00
8.858089999999999575e-01 1.000000000000000000e+00 1.000000000000000000e+00
1.107261000000000051e+00 1.000000000000000000e+00 1.000000000000000000e+00
1.328713999999999951e+00 1.000000999999999918e+00 1.000002170563509374e+00
1.550165999999999933e+00 1.000000999999999918e+00 1.000002170563509374e+00
1.771617999999999915e+00 1.000000999999999918e+00 1.000002170563509374e+00
1.993069999999999897e+00 1.000000999999999918e+00 1.000002170563509374e+00
2.214522999999999797e+00 1.000000999999999918e+00 1.000002170563509374e+00
2.435975000000000001e+00 1.000002000000000058e+00 1.000004341127019192e+00
2.657427000000000206e+00 1.000002000000000058e+00 1.000004341127019192e+00
2.878878999999999966e+00 1.000002999999999975e+00 1.000006511690528566e+00
3.100331999999999866e+00 1.000003999999999893e+00 1.000008682254037939e+00
3.321784000000000070e+00 1.000005999999999950e+00 1.000013023381057131e+00
3.543235999999999830e+00 1.000008000000000008e+00 1.000017364508076323e+00
3.764688000000000034e+00 1.000010999999999983e+00 1.000023876198604889e+00
3.986140999999999934e+00 1.000015000000000098e+00 1.000032558452643494e+00
4.207593000000000139e+00 1.000021000000000049e+00 1.000045581833700625e+00
4.429045000000000343e+00 1.000029999999999974e+00 1.000065116905286322e+00
4.650497999999999799e+00 1.000042000000000098e+00 1.000091163667401029e+00
4.871950000000000003e+00 1.000059000000000031e+00 1.000128063247063270e+00
5.093402000000000207e+00 1.000081999999999915e+00 1.000177986207782421e+00
5.314854000000000411e+00 1.000116000000000005e+00 1.000251785367107127e+00
5.536306999999999867e+00 1.000161999999999995e+00 1.000351631288546317e+00
5.757759000000000071e+00 1.000227999999999895e+00 1.000494888480176092e+00
5.979211000000000276e+00 1.000318000000000040e+00 1.000690239196035281e+00
6.200662999999999592e+00 1.000444000000000111e+00 1.000963730198238144e+00
6.422115999999999936e+00 1.000618999999999925e+00 1.001343578812408097e+00
6.643568000000000140e+00 1.000858999999999943e+00 1.001864514054698896e+00
6.865020000000000344e+00 1.001189000000000107e+00 1.002580800012848883e+00
7.086471999999999660e+00 1.001641000000000004e+00 1.003561894719162906e+00
7.307925000000000004e+00 1.002256000000000036e+00 1.004896791277533064e+00
7.529377000000000209e+00 1.003090000000000037e+00 1.006707041244493395e+00
7.750829000000000413e+00 1.004215999999999998e+00 1.009151095756240846e+00
7.972281999999999869e+00 1.005730000000000013e+00 1.012437328909691514e+00
8.193733999999999185e+00 1.007757999999999932e+00 1.016839231707048263e+00
8.415186000000000277e+00 1.010462999999999889e+00 1.022710606000366784e+00
8.636637999999999593e+00 1.014059999999999961e+00 1.030518122944199533e+00
8.858090999999999937e+00 1.018825000000000092e+00 1.040860858067180539e+00
9.079542999999999253e+00 1.025117999999999974e+00 1.054520214232745667e+00
9.300995000000000346e+00 1.033406000000000047e+00 1.072509844599852880e+00
9.522446999999999662e+00 1.044288000000000105e+00 1.096129916710719243e+00
9.743900000000000006e+00 1.058532999999999946e+00 1.127049593904184466e+00
9.965351999999999322e+00 1.077121999999999913e+00 1.167398198983112145e+00
1.018680400000000041e+01 1.101302000000000003e+00 1.219882424643905061e+00
1.040825599999999973e+01 1.132649000000000017e+00 1.287923078977605273e+00
1.062970900000000007e+01 1.173159000000000063e+00 1.375852606749264240e+00
1.085116099999999939e+01 1.225365000000000038e+00 1.489169045328559093e+00
1.107261300000000048e+01 1.292497999999999925e+00 1.634885485414828254e+00
1.129406499999999980e+01 1.378714999999999913e+00 1.822024959517250409e+00
1.151551800000000014e+01 1.489414000000000016e+00 2.062304169460348113e+00
1.173696999999999946e+01 1.631653000000000020e+00 2.371042952494487821e+00
1.195842200000000055e+01 1.814710000000000045e+00 2.768379796861226261e+00
1.217987499999999912e+01 2.050752999999999826e+00 3.280726119344703484e+00
1.240132700000000021e+01 2.355519999999999836e+00 3.942242248458136977e+00
1.262277899999999953e+01 2.748651999999999873e+00 4.795560222092494662e+00
1.284423100000000062e+01 3.252715999999999941e+00 5.889663146967674123e+00
1.306568399999999919e+01 3.888724999999999987e+00 7.270161074109738664e+00
1.328713600000000028e+01 4.663990000000000080e+00 8.952922993336970947e+00
1.350858799999999960e+01 5.547047000000000061e+00 1.086965429438505382e+01
1.373004000000000069e+01 6.431619000000000419e+00 1.278967399915009828e+01
1.395149299999999926e+01 7.119430000000000369e+00 1.428261145721360137e+01
1.417294500000000035e+01 7.383796000000000248e+00 1.485643464997791519e+01
1.439439699999999966e+01 7.119460000000000122e+00 1.428267657411888791e+01
1.461584900000000076e+01 6.431665999999999883e+00 1.278977601563504507e+01
1.483730199999999932e+01 5.547098000000000084e+00 1.086976499312404165e+01
1.505875400000000042e+01 4.664036000000000293e+00 8.953022839258411025e+00
1.528020599999999973e+01 3.888764000000000109e+00 7.270245726086611349e+00
1.550165900000000008e+01 3.252746000000000137e+00 5.889728263872960667e+00
1.572311099999999939e+01 2.748676000000000119e+00 4.795612315616724075e+00
1.594456300000000049e+01 2.355538000000000132e+00 3.942281318601309703e+00
1.616601500000000158e+01 2.050767000000000007e+00 3.280756507233837826e+00
1.638746799999999837e+01 1.814721999999999946e+00 2.768405843623340523e+00
1.660892000000000124e+01 1.631661999999999946e+00 2.371062487566073518e+00
1.683037200000000055e+01 1.489421000000000106e+00 2.062319363404915062e+00
1.705182399999999987e+01 1.378721000000000085e+00 1.822037982898307984e+00
1.727327700000000021e+01 1.292502000000000040e+00 1.634894167668866860e+00
1.749472899999999953e+01 1.225368000000000013e+00 1.489175557019087659e+00
1.771618099999999885e+01 1.173162000000000038e+00 1.375859118439792805e+00
1.793763300000000172e+01 1.132651999999999992e+00 1.287929590668133839e+00
1.815908599999999851e+01 1.101304000000000061e+00 1.219886765770924253e+00
1.838053800000000138e+01 1.077123999999999970e+00 1.167402540110131337e+00
1.860199000000000069e+01 1.058534000000000086e+00 1.127051764467694284e+00
1.882344200000000001e+01 1.044289000000000023e+00 1.096132087274228617e+00
1.904489500000000035e+01 1.033406999999999965e+00 1.072512015163362253e+00
1.926634699999999967e+01 1.025118999999999891e+00 1.054522384796255041e+00
1.948779899999999898e+01 1.018826000000000009e+00 1.040863028630689913e+00
1.970925199999999933e+01 1.014059999999999961e+00 1.030518122944199533e+00
1.993070399999999864e+01 1.010464000000000029e+00 1.022712776563876602e+00
2.015215600000000151e+01 1.007757999999999932e+00 1.016839231707048263e+00
2.037360800000000083e+01 1.005730000000000013e+00 1.012437328909691514e+00
2.059506100000000117e+01 1.004215999999999998e+00 1.009151095756240846e+00
2.081651300000000049e+01 1.003090000000000037e+00 1.006707041244493395e+00
2.103796499999999980e+01 1.002256000000000036e+00 1.004896791277533064e+00
2.125941699999999912e+01 1.001641000000000004e+00 1.003561894719162906e+00
2.148086999999999946e+01 1.001189000000000107e+00 1.002580800012848883e+00
2.170232199999999878e+01 1.000858999999999943e+00 1.001864514054698896e+00
2.192377400000000165e+01 1.000618999999999925e+00 1.001343578812408097e+00
2.214522600000000097e+01 1.000444000000000111e+00 1.000963730198238144e+00
2.236667900000000131e+01 1.000318000000000040e+00 1.000690239196035281e+00
2.258813100000000063e+01 1.000227999999999895e+00 1.000494888480176092e+00
2.280958299999999994e+01 1.000161999999999995e+00 1.000351631288546317e+00
2.303103499999999926e+01 1.000116000000000005e+00 1.000251785367107127e+00
2.325248799999999960e+01 1.000081999999999915e+00 1.000177986207782421e+00
2.347393999999999892e+01 1.000059000000000031e+00 1.000128063247063270e+00
2.369539199999999823e+01 1.000042000000000098e+00 1.000091163667401029e+00
2.391684499999999858e+01 1.000029999999999974e+00 1.000065116905286322e+00
2.413829700000000145e+01 1.000021000000000049e+00 1.000045581833700625e+00
2.435974900000000076e+01 1.000015000000000098e+00 1.000032558452643494e+00
2.458120100000000008e+01 1.000010999999999983e+00 1.000023876198604889e+00
2.480265400000000042e+01 1.000008000000000008e+00 1.000017364508076323e+00
2.502410599999999974e+01 1.000005999999999950e+00 1.000013023381057131e+00
2.524555799999999905e+01 1.000003999999999893e+00 1.000008682254037939e+00
2.546700999999999837e+01 1.000002999999999975e+00 1.000006511690528566e+00
2.568846299999999871e+01 1.000002000000000058e+00 1.000004341127019192e+00
2.590991500000000158e+01 1.000002000000000058e+00 1.000004341127019192e+00
2.613136700000000090e+01 1.000000999999999918e+00 1.000002170563509374e+00
2.635281900000000022e+01 1.000000999999999918e+00 1.000002170563509374e+00
2.657427200000000056e+01 1.000000999999999918e+00 1.000002170563509374e+00
2.679572399999999988e+01 1.000000999999999918e+00 1.000002170563509374e+00
2.701717599999999919e+01 1.000000999999999918e+00 1.000002170563509374e+00
2.723862899999999954e+01 1.000000000000000000e+00 1.000000000000000000e+00
2.746008099999999885e+01 1.000000000000000000e+00 1.000000000000000000e+00
2.768153300000000172e+01 1.000000000000000000e+00 1.000000000000000000e+00
2.790298500000000104e+01 1.000000000000000000e+00 1.000000000000000000e+00
2.812443800000000138e+01 1.000000000000000000e+00 1.000000000000000000e+00
