0.000000000000000000e+00 -3.682242713272068535e+00 -3.473922017077569979e+00 7.621039562236664455e-01 1.070683737446990191e+00
5.000000000000000278e-02 -3.682317891960169565e+00 -3.471108837835170213e+00 7.590829997259442852e-01 1.070742302100292864e+00
1.000000000000000056e-01 -3.682390164321494463e+00 -3.468309475255365371e+00 7.560906475141148109e-01 1.070799628954106408e+00
1.499999999999999944e-01 -3.682465128390270959e+00 -3.465506023161112559e+00 7.531416683492200281e-01 1.070856498000659407e+00
2.000000000000000111e-01 -3.682541569312165031e+00 -3.462708069743466233e+00 7.502279628819525925e-01 1.070911720246475074e+00
2.500000000000000000e-01 -3.682613611038356272e+00 -3.459919104974496840e+00 7.473463304727716583e-01 1.070969249799164080e+00
5.000000000000000000e-01 -3.682945798731010356e+00 -3.446150435998582839e+00 7.333785150345863979e-01 1.071231727699415437e+00
7.500000000000000000e-01 -3.683316619322157592e+00 -3.432493915116715755e+00 7.203363585898006072e-01 1.071466635670710987e+00
8.000000000000000444e-01 -3.683392590195537331e+00 -3.429783818144225283e+00 7.178344573664017236e-01 1.071512535732140670e+00
8.499999999999999778e-01 -3.683468032825888194e+00 -3.427081463775372150e+00 7.153668560844383961e-01 1.071562798301682662e+00
9.000000000000000222e-01 -3.683543205144876431e+00 -3.424388344884843782e+00 7.129289031667903620e-01 1.071606319913035232e+00
9.499999999999999556e-01 -3.683619470430533838e+00 -3.421696829738717582e+00 7.105355452477910561e-01 1.071648063550528329e+00
1.000000000000000000e+00 -3.683697655549872163e+00 -3.419014017951560014e+00 7.081786399781827557e-01 1.071687534000807851e+00
