0.000000000000000000e+00 -3.659119436486125476e+00 -3.164670123364425880e+00 3.886372464917167147e-01 1.050171795290200993e+00
5.000000000000000278e-02 -3.659388748475409958e+00 -3.157459072016763901e+00 3.837857290325739634e-01 1.049387466326820562e+00
1.000000000000000056e-01 -3.659652243515486347e+00 -3.150216769830433527e+00 3.789231693695951919e-01 1.048597729502161346e+00
1.499999999999999944e-01 -3.659906348113208807e+00 -3.142937433594475305e+00 3.740534885027760326e-01 1.047799310882541191e+00
2.000000000000000111e-01 -3.660160429571857499e+00 -3.135629358177160153e+00 3.691835121360838579e-01 1.046998757570353655e+00
2.500000000000000000e-01 -3.660409116762842530e+00 -3.128293990149793480e+00 3.643023840270545599e-01 1.046194003944808326e+00
5.000000000000000000e-01 -3.661515905894872969e+00 -3.091191680861266722e+00 3.395319925697429242e-01 1.041997455663589811e+00
7.500000000000000000e-01 -3.662568999051174501e+00 -3.053572726646583302e+00 3.149339648107342682e-01 1.037749482625638375e+00
8.000000000000000444e-01 -3.662767191108000198e+00 -3.045996020440285612e+00 3.100147408025973328e-01 1.036886677296750214e+00
8.499999999999999778e-01 -3.662962072065837127e+00 -3.038405999742701091e+00 3.050984941457047239e-01 1.036020412825920278e+00
9.000000000000000222e-01 -3.663153707699190686e+00 -3.030802831810273545e+00 3.001872858760384344e-01 1.035150776550475715e+00
9.499999999999999556e-01 -3.663341686503027272e+00 -3.023182766504686647e+00 2.952786793329297832e-01 1.034276787357001792e+00
1.000000000000000000e+00 -3.663524913331986710e+00 -3.015553136467762130e+00 2.903746871872879276e-01 1.033397647424073140e+00
