0.000000000000000000e+00 -3.659086090463747443e+00 -3.164459943853477064e+00 3.880964812934146746e-01 1.050099187699291114e+00
5.000000000000000278e-02 -3.659352040873047773e+00 -3.157242009575190522e+00 3.832309896814835581e-01 1.049310136036785579e+00
1.000000000000000056e-01 -3.659613019224906338e+00 -3.149992644449168377e+00 3.783550429378004232e-01 1.048516413207214226e+00
1.499999999999999944e-01 -3.659867181648598145e+00 -3.142707741262199761e+00 3.734701437900881937e-01 1.047719261237351818e+00
2.000000000000000111e-01 -3.660119599324004547e+00 -3.135391414912406471e+00 3.685762694441593323e-01 1.046918263575041363e+00
2.500000000000000000e-01 -3.660366488368963722e+00 -3.128046951090879713e+00 3.636771821991523490e-01 1.046109946334474516e+00
5.000000000000000000e-01 -3.661540536238938159e+00 -3.091045904305182557e+00 3.391934922172621936e-01 1.042020162623649604e+00
7.500000000000000000e-01 -3.662599783130009445e+00 -3.053406145353674717e+00 3.145531308047029850e-01 1.037785334814843585e+00
8.000000000000000444e-01 -3.662799833178060904e+00 -3.045826899590633907e+00 3.096271774183937953e-01 1.036925149706574345e+00
8.499999999999999778e-01 -3.662995882806606929e+00 -3.038233036994987923e+00 3.047031447467078435e-01 1.036060491660910410e+00
9.000000000000000222e-01 -3.663188503852699007e+00 -3.030623871286770132e+00 2.997806291486491137e-01 1.035191214660796444e+00
9.499999999999999556e-01 -3.663376758934460131e+00 -3.023000244313065910e+00 2.948669629935115610e-01 1.034316599072410359e+00
1.000000000000000000e+00 -3.663561210349154607e+00 -3.015367260600609001e+00 2.899567662511075561e-01 1.033439690883864115e+00
