0.000000000000000000e+00 -3.649716346185670091e+00 -3.089391303146694856e+00 2.421502817874759406e-01 1.012520231287432626e+00
5.000000000000000278e-02 -3.650125142144909240e+00 -3.082453849151443048e+00 2.366555676199888214e-01 1.012623482621949789e+00
1.000000000000000056e-01 -3.650527273052378785e+00 -3.075509350008212905e+00 2.311807191129699457e-01 1.012722542843161211e+00
1.499999999999999944e-01 -3.650924934678770217e+00 -3.068542393638429733e+00 2.257419282087091417e-01 1.012812752285981555e+00
2.000000000000000111e-01 -3.651319398388415571e+00 -3.061558946729152186e+00 2.203347152078553306e-01 1.012900464055435990e+00
2.500000000000000000e-01 -3.651706509479434537e+00 -3.054570093287006571e+00 2.149478744203060232e-01 1.012981054405118542e+00
5.000000000000000000e-01 -3.653601425430163196e+00 -3.019651363874349848e+00 1.882393090134277525e-01 1.013328318949851203e+00
7.500000000000000000e-01 -3.655374938864666134e+00 -2.984396489157424170e+00 1.625363668991642307e-01 1.013534393918483767e+00
8.000000000000000444e-01 -3.655720186079430611e+00 -2.977335946474465533e+00 1.574935396804253429e-01 1.013560950596590571e+00
8.499999999999999778e-01 -3.656060841256055127e+00 -2.970272456536522387e+00 1.524866070311315380e-01 1.013583742527889298e+00
9.000000000000000222e-01 -3.656397479521446670e+00 -2.963210530716358537e+00 1.475131082176053543e-01 1.013600391805255407e+00
9.499999999999999556e-01 -3.656728012498368763e+00 -2.956138996649016804e+00 1.425862724054919595e-01 1.013610997082263765e+00
1.000000000000000000e+00 -3.657060463893036850e+00 -2.949068912639493334e+00 1.376895794920625915e-01 1.013617777711139034e+00
