# 144
0.000000000000000000e+00 2.637692537825227441e-16
5.000000000000000278e-02 9.377850318727313497e-04
1.000000000000000056e-01 1.870781660692789070e-03
1.499999999999999944e-01 2.796258705027838878e-03
2.000000000000000111e-01 3.717900745983591850e-03
2.500000000000000000e-01 4.635037643684047741e-03
5.000000000000000000e-01 9.145265783073853669e-03
7.500000000000000000e-01 1.351902573608295896e-02
8.000000000000000444e-01 1.437891860576302056e-02
8.499999999999999778e-01 1.523397104673494470e-02
9.000000000000000222e-01 1.608388037982912827e-02
9.499999999999999556e-01 1.692927960131736242e-02
1.000000000000000000e+00 1.776998357049722893e-02

