0.000000000000000000e+00 3.436056856864524889e+00
1.279254614718033922e-02 3.424070378534452175e+00
2.558509229436067844e-02 3.412779695278004510e+00
3.837763844154101767e-02 3.402175283108590520e+00
5.117018458872135689e-02 3.392247481990125380e+00
6.396273073590169611e-02 3.382986903990968131e+00
1.279254614718033922e-01 3.346370994373501162e+00
1.918881922077050883e-01 3.325095910318850656e+00
2.046807383548854276e-01 3.322589333738505957e+00
2.174732845020657668e-01 3.320647257305608946e+00
2.302658306492461060e-01 3.319262061831977917e+00
2.430583767964264452e-01 3.318426672361965757e+00
2.558509229436067844e-01 3.318134286046188208e+00
