0.000000000000000000e+00 0.000000000000000000e+00
1.279254614718033922e-02 3.906194087903713807e-04
2.558509229436067844e-02 1.493904948802082799e-03
3.837763844154101767e-02 3.298563895441475324e-03
5.117018458872135689e-02 5.793167469164473005e-03
6.396273073590169611e-02 8.966695057097240351e-03
1.279254614718033922e-01 3.463750598712067585e-02
1.918881922077050883e-01 7.569676239836553577e-02
2.046807383548854276e-01 8.564633262540155556e-02
2.174732845020657668e-01 9.615332804060017224e-02
2.302658306492461060e-01 1.072089049448550213e-01
2.430583767964264452e-01 1.188050359814951662e-01
2.558509229436067844e-01 1.309332856199034723e-01
