1.000000e+00    0.000000e+00
1.001100e+00    1.492268e-05
1.002200e+00    3.008637e-05
1.003300e+00    4.543552e-05
1.004400e+00    6.091078e-05
1.005500e+00    7.646035e-05
1.006600e+00    9.204855e-05
1.007700e+00    1.076588e-04
1.008800e+00    1.232901e-04
1.009900e+00    1.389480e-04
1.011000e+00    1.546337e-04
1.012100e+00    1.703339e-04
1.013200e+00    1.860165e-04
1.014300e+00    2.016322e-04
1.015400e+00    2.171224e-04
1.016500e+00    2.324310e-04
1.017600e+00    2.475153e-04
1.018700e+00    2.623544e-04
1.019800e+00    2.769496e-04
1.020900e+00    2.913194e-04
1.022000e+00    3.054883e-04
1.023100e+00    3.194757e-04
1.024200e+00    3.332861e-04
1.025300e+00    3.469060e-04
1.026400e+00    3.603073e-04
1.027500e+00    3.734580e-04
1.028600e+00    3.863345e-04
1.029700e+00    3.989340e-04
1.030800e+00    4.112819e-04
1.031900e+00    4.234324e-04
1.033000e+00    4.354620e-04
1.034100e+00    4.474585e-04
1.035200e+00    4.595090e-04
1.036300e+00    4.716906e-04
1.037400e+00    4.840668e-04
1.038500e+00    4.966893e-04
1.039600e+00    5.096052e-04
1.040700e+00    5.228636e-04
1.041800e+00    5.365210e-04
1.042900e+00    5.506398e-04
1.044000e+00    5.652808e-04
1.045100e+00    5.804906e-04
1.046200e+00    5.962870e-04
1.047300e+00    6.126487e-04
1.048400e+00    6.295107e-04
1.049500e+00    6.467703e-04
1.050600e+00    6.643006e-04
1.051700e+00    6.819697e-04
1.052800e+00    6.996603e-04
1.053900e+00    7.172846e-04
1.055000e+00    7.347899e-04
1.056100e+00    7.521558e-04
1.057200e+00    7.693826e-04
1.058300e+00    7.864763e-04
1.059400e+00    8.034351e-04
1.060500e+00    8.202419e-04
1.061600e+00    8.368647e-04
1.062700e+00    8.532648e-04
1.063800e+00    8.694102e-04
1.064900e+00    8.852879e-04
1.066000e+00    9.009124e-04
1.067100e+00    9.163256e-04
1.068200e+00    9.315886e-04
1.069300e+00    9.467677e-04
1.070400e+00    9.619187e-04
1.071500e+00    9.770752e-04
1.072600e+00    9.922435e-04
1.073700e+00    1.007407e-03
1.074800e+00    1.022540e-03
1.075900e+00    1.037618e-03
1.077000e+00    1.052639e-03
1.078100e+00    1.067624e-03
1.079200e+00    1.082620e-03
1.080300e+00    1.097689e-03
1.081400e+00    1.112892e-03
1.082500e+00    1.128278e-03
1.083600e+00    1.143867e-03
1.084700e+00    1.159653e-03
1.085800e+00    1.175611e-03
1.086900e+00    1.191708e-03
1.088000e+00    1.207922e-03
1.089100e+00    1.224255e-03
1.090200e+00    1.240736e-03
1.091300e+00    1.257422e-03
1.092400e+00    1.274380e-03
1.093500e+00    1.291675e-03
1.094600e+00    1.309353e-03
1.095700e+00    1.327430e-03
1.096800e+00    1.345897e-03
1.097900e+00    1.364724e-03
1.099000e+00    1.383880e-03
1.100100e+00    1.403347e-03
1.101200e+00    1.423133e-03
1.102300e+00    1.443275e-03
1.103400e+00    1.463833e-03
1.104500e+00    1.484872e-03
1.105600e+00    1.506451e-03
1.106700e+00    1.528602e-03
1.107800e+00    1.551328e-03
1.108900e+00    1.574600e-03
1.110000e+00    1.598377e-03
1.111100e+00    1.622617e-03
1.112200e+00    1.647298e-03
1.113300e+00    1.672425e-03
1.114400e+00    1.698036e-03
1.115500e+00    1.724188e-03
1.116600e+00    1.750943e-03
1.117700e+00    1.778348e-03
1.118800e+00    1.806425e-03
1.119900e+00    1.835163e-03
1.121000e+00    1.864522e-03
1.122100e+00    1.894454e-03
1.123200e+00    1.924915e-03
1.124300e+00    1.955884e-03
1.125400e+00    1.987374e-03
1.126500e+00    2.019424e-03
1.127600e+00    2.052090e-03
1.128700e+00    2.085426e-03
1.129800e+00    2.119465e-03
1.130900e+00    2.154207e-03
1.132000e+00    2.189614e-03
1.133100e+00    2.225623e-03
1.134200e+00    2.262160e-03
1.135300e+00    2.299160e-03
1.136400e+00    2.336585e-03
1.137500e+00    2.374431e-03
1.138600e+00    2.412718e-03
1.139700e+00    2.451483e-03
1.140800e+00    2.490756e-03
1.141900e+00    2.530543e-03
1.143000e+00    2.570819e-03
1.144100e+00    2.611529e-03
1.145200e+00    2.652597e-03
1.146300e+00    2.693952e-03
1.147400e+00    2.735548e-03
1.148500e+00    2.777377e-03
1.149600e+00    2.819474e-03
1.150700e+00    2.861912e-03
1.151800e+00    2.904781e-03
1.152900e+00    2.948170e-03
1.154000e+00    2.992151e-03
1.155100e+00    3.036766e-03
1.156200e+00    3.082038e-03
1.157300e+00    3.127979e-03
1.158400e+00    3.174617e-03
1.159500e+00    3.222014e-03
1.160600e+00    3.270278e-03
1.161700e+00    3.319562e-03
1.162800e+00    3.370055e-03
1.163900e+00    3.421958e-03
1.165000e+00    3.475463e-03
1.166100e+00    3.530739e-03
1.167200e+00    3.587920e-03
1.168300e+00    3.647120e-03
1.169400e+00    3.708444e-03
1.170500e+00    3.772015e-03
1.171600e+00    3.837990e-03
1.172700e+00    3.906573e-03
1.173800e+00    3.978008e-03
1.174900e+00    4.052563e-03
1.176000e+00    4.130509e-03
1.177100e+00    4.212093e-03
1.178200e+00    4.297523e-03
1.179300e+00    4.386964e-03
1.180400e+00    4.480543e-03
1.181500e+00    4.578370e-03
1.182600e+00    4.680558e-03
1.183700e+00    4.787236e-03
1.184800e+00    4.898551e-03
1.185900e+00    5.014657e-03
1.187000e+00    5.135694e-03
1.188100e+00    5.261752e-03
1.189200e+00    5.392850e-03
1.190300e+00    5.528917e-03
1.191400e+00    5.669788e-03
1.192500e+00    5.815218e-03
1.193600e+00    5.964899e-03
1.194700e+00    6.118491e-03
1.195800e+00    6.275633e-03
1.196900e+00    6.435948e-03
1.198000e+00    6.599042e-03
1.199100e+00    6.764483e-03
1.200200e+00    6.931781e-03
1.201300e+00    7.100381e-03
1.202400e+00    7.269657e-03
1.203500e+00    7.438932e-03
1.204600e+00    7.607511e-03
1.205700e+00    7.774715e-03
1.206800e+00    7.939919e-03
1.207900e+00    8.102579e-03
1.209000e+00    8.262246e-03
1.210100e+00    8.418553e-03
1.211200e+00    8.571208e-03
1.212300e+00    8.719966e-03
1.213400e+00    8.864615e-03
1.214500e+00    9.004973e-03
1.215600e+00    9.140898e-03
1.216700e+00    9.272303e-03
1.217800e+00    9.399179e-03
1.218900e+00    9.521617e-03
1.220000e+00    9.639804e-03
1.221100e+00    9.754011e-03
1.222200e+00    9.864565e-03
1.223300e+00    9.971808e-03
1.224400e+00    1.007606e-02
1.225500e+00    1.017759e-02
1.226600e+00    1.027660e-02
1.227700e+00    1.037326e-02
1.228800e+00    1.046766e-02
1.229900e+00    1.055993e-02
1.231000e+00    1.065015e-02
1.232100e+00    1.073846e-02
1.233200e+00    1.082498e-02
1.234300e+00    1.090981e-02
1.235400e+00    1.099301e-02
1.236500e+00    1.107457e-02
1.237600e+00    1.115442e-02
1.238700e+00    1.123240e-02
1.239800e+00    1.130832e-02
1.240900e+00    1.138197e-02
1.242000e+00    1.145318e-02
1.243100e+00    1.152183e-02
1.244200e+00    1.158787e-02
1.245300e+00    1.165130e-02
1.246400e+00    1.171217e-02
1.247500e+00    1.177051e-02
1.248600e+00    1.182636e-02
1.249700e+00    1.187971e-02
1.250800e+00    1.193057e-02
1.251900e+00    1.197892e-02
1.253000e+00    1.202481e-02
1.254100e+00    1.206832e-02
1.255200e+00    1.210964e-02
1.256300e+00    1.214903e-02
1.257400e+00    1.218680e-02
1.258500e+00    1.222329e-02
1.259600e+00    1.225882e-02
1.260700e+00    1.229364e-02
1.261800e+00    1.232799e-02
1.262900e+00    1.236204e-02
1.264000e+00    1.239592e-02
1.265100e+00    1.242980e-02
1.266200e+00    1.246385e-02
1.267300e+00    1.249832e-02
1.268400e+00    1.253346e-02
1.269500e+00    1.256956e-02
1.270600e+00    1.260687e-02
1.271700e+00    1.264558e-02
1.272800e+00    1.268583e-02
1.273900e+00    1.272768e-02
1.275000e+00    1.277112e-02
1.276100e+00    1.281614e-02
1.277200e+00    1.286275e-02
1.278300e+00    1.291100e-02
1.279400e+00    1.296102e-02
1.280500e+00    1.301298e-02
1.281600e+00    1.306709e-02
1.282700e+00    1.312356e-02
1.283800e+00    1.318256e-02
1.284900e+00    1.324420e-02
1.286000e+00    1.330855e-02
1.287100e+00    1.337567e-02
1.288200e+00    1.344561e-02
1.289300e+00    1.351849e-02
1.290400e+00    1.359447e-02
1.291500e+00    1.367381e-02
1.292600e+00    1.375679e-02
1.293700e+00    1.384371e-02
1.294800e+00    1.393485e-02
1.295900e+00    1.403041e-02
1.297000e+00    1.413051e-02
1.298100e+00    1.423521e-02
1.299200e+00    1.434452e-02
1.300300e+00    1.445841e-02
1.301400e+00    1.457692e-02
1.302500e+00    1.470010e-02
1.303600e+00    1.482805e-02
1.304700e+00    1.496090e-02
1.305800e+00    1.509876e-02
1.306900e+00    1.524169e-02
1.308000e+00    1.538968e-02
1.309100e+00    1.554264e-02
1.310200e+00    1.570042e-02
1.311300e+00    1.586286e-02
1.312400e+00    1.602982e-02
1.313500e+00    1.620124e-02
1.314600e+00    1.637713e-02
1.315700e+00    1.655759e-02
1.316800e+00    1.674276e-02
1.317900e+00    1.693279e-02
1.319000e+00    1.712779e-02
1.320100e+00    1.732782e-02
1.321200e+00    1.753285e-02
1.322300e+00    1.774279e-02
1.323400e+00    1.795754e-02
1.324500e+00    1.817701e-02
1.325600e+00    1.840112e-02
1.326700e+00    1.862984e-02
1.327800e+00    1.886314e-02
1.328900e+00    1.910099e-02
1.330000e+00    1.934323e-02
1.331100e+00    1.958963e-02
1.332200e+00    1.983979e-02
1.333300e+00    2.009320e-02
1.334400e+00    2.034923e-02
1.335500e+00    2.060726e-02
1.336600e+00    2.086664e-02
1.337700e+00    2.112682e-02
1.338800e+00    2.138733e-02
1.339900e+00    2.164777e-02
1.341000e+00    2.190782e-02
1.342100e+00    2.216719e-02
1.343200e+00    2.242563e-02
1.344300e+00    2.268287e-02
1.345400e+00    2.293874e-02
1.346500e+00    2.319316e-02
1.347600e+00    2.344619e-02
1.348700e+00    2.369814e-02
1.349800e+00    2.394953e-02
1.350900e+00    2.420114e-02
1.352000e+00    2.445396e-02
1.353100e+00    2.470910e-02
1.354200e+00    2.496780e-02
1.355300e+00    2.523134e-02
1.356400e+00    2.550104e-02
1.357500e+00    2.577825e-02
1.358600e+00    2.606443e-02
1.359700e+00    2.636111e-02
1.360800e+00    2.666999e-02
1.361900e+00    2.699295e-02
1.363000e+00    2.733196e-02
1.364100e+00    2.768914e-02
1.365200e+00    2.806664e-02
1.366300e+00    2.846659e-02
1.367400e+00    2.889112e-02
1.368500e+00    2.934232e-02
1.369600e+00    2.982225e-02
1.370700e+00    3.033308e-02
1.371800e+00    3.087702e-02
1.372900e+00    3.145644e-02
1.374000e+00    3.207385e-02
1.375100e+00    3.273185e-02
1.376200e+00    3.343304e-02
1.377300e+00    3.417998e-02
1.378400e+00    3.497509e-02
1.379500e+00    3.582053e-02
1.380600e+00    3.671819e-02
1.381700e+00    3.766962e-02
1.382800e+00    3.867603e-02
1.383900e+00    3.973821e-02
1.385000e+00    4.085651e-02
1.386100e+00    4.203072e-02
1.387200e+00    4.325991e-02
1.388300e+00    4.454233e-02
1.389400e+00    4.587523e-02
1.390500e+00    4.725478e-02
1.391600e+00    4.867597e-02
1.392700e+00    5.013262e-02
1.393800e+00    5.161748e-02
1.394900e+00    5.312229e-02
1.396000e+00    5.463797e-02
1.397100e+00    5.615478e-02
1.398200e+00    5.766247e-02
1.399300e+00    5.915049e-02
1.400400e+00    6.060818e-02
1.401500e+00    6.202494e-02
1.402600e+00    6.339050e-02
1.403700e+00    6.469518e-02
1.404800e+00    6.593019e-02
1.405900e+00    6.708790e-02
1.407000e+00    6.816213e-02
1.408100e+00    6.914831e-02
1.409200e+00    7.004367e-02
1.410300e+00    7.084719e-02
1.411400e+00    7.155957e-02
1.412500e+00    7.218307e-02
1.413600e+00    7.272130e-02
1.414700e+00    7.317902e-02
1.415800e+00    7.356192e-02
1.416900e+00    7.387640e-02
1.418000e+00    7.412936e-02
1.419100e+00    7.432802e-02
1.420200e+00    7.447971e-02
1.421300e+00    7.459165e-02
1.422400e+00    7.467072e-02
1.423500e+00    7.472322e-02
1.424600e+00    7.475470e-02
1.425700e+00    7.476978e-02
1.426800e+00    7.477210e-02
1.427900e+00    7.476430e-02
1.429000e+00    7.474809e-02
1.430100e+00    7.472440e-02
1.431200e+00    7.469350e-02
1.432300e+00    7.465514e-02
1.433400e+00    7.460867e-02
1.434500e+00    7.455314e-02
1.435600e+00    7.448733e-02
1.436700e+00    7.440978e-02
1.437800e+00    7.431890e-02
1.438900e+00    7.421299e-02
1.440000e+00    7.409042e-02
1.441100e+00    7.394969e-02
1.442200e+00    7.378963e-02
1.443300e+00    7.360947e-02
1.444400e+00    7.340894e-02
1.445500e+00    7.318828e-02
1.446600e+00    7.294817e-02
1.447700e+00    7.268972e-02
1.448800e+00    7.241432e-02
1.449900e+00    7.212360e-02
1.451000e+00    7.181938e-02
1.452100e+00    7.150368e-02
1.453200e+00    7.117872e-02
1.454300e+00    7.084698e-02
1.455400e+00    7.051117e-02
1.456500e+00    7.017421e-02
1.457600e+00    6.983914e-02
1.458700e+00    6.950901e-02
1.459800e+00    6.918672e-02
1.460900e+00    6.887491e-02
1.462000e+00    6.857585e-02
1.463100e+00    6.829143e-02
1.464200e+00    6.802313e-02
1.465300e+00    6.777215e-02
1.466400e+00    6.753943e-02
1.467500e+00    6.732574e-02
1.468600e+00    6.713172e-02
1.469700e+00    6.695789e-02
1.470800e+00    6.680457e-02
1.471900e+00    6.667190e-02
1.473000e+00    6.655979e-02
1.474100e+00    6.646796e-02
1.475200e+00    6.639599e-02
1.476300e+00    6.634345e-02
1.477400e+00    6.631002e-02
1.478500e+00    6.629563e-02
1.479600e+00    6.630052e-02
1.480700e+00    6.632527e-02
1.481800e+00    6.637074e-02
1.482900e+00    6.643801e-02
1.484000e+00    6.652828e-02
1.485100e+00    6.664274e-02
1.486200e+00    6.678255e-02
1.487300e+00    6.694886e-02
1.488400e+00    6.714277e-02
1.489500e+00    6.736547e-02
1.490600e+00    6.761818e-02
1.491700e+00    6.790224e-02
1.492800e+00    6.821897e-02
1.493900e+00    6.856958e-02
1.495000e+00    6.895508e-02
1.496100e+00    6.937608e-02
1.497200e+00    6.983275e-02
1.498300e+00    7.032477e-02
1.499400e+00    7.085138e-02
1.500500e+00    7.141148e-02
1.501600e+00    7.200375e-02
1.502700e+00    7.262679e-02
1.503800e+00    7.327914e-02
1.504900e+00    7.395941e-02
1.506000e+00    7.466620e-02
1.507100e+00    7.539813e-02
1.508200e+00    7.615379e-02
1.509300e+00    7.693181e-02
1.510400e+00    7.773092e-02
1.511500e+00    7.855008e-02
1.512600e+00    7.938861e-02
1.513700e+00    8.024633e-02
1.514800e+00    8.112363e-02
1.515900e+00    8.202142e-02
1.517000e+00    8.294106e-02
1.518100e+00    8.388413e-02
1.519200e+00    8.485225e-02
1.520300e+00    8.584678e-02
1.521400e+00    8.686870e-02
1.522500e+00    8.791844e-02
1.523600e+00    8.899579e-02
1.524700e+00    9.009992e-02
1.525800e+00    9.122930e-02
1.526900e+00    9.238171e-02
1.528000e+00    9.355421e-02
1.529100e+00    9.474300e-02
1.530200e+00    9.594343e-02
1.531300e+00    9.714994e-02
1.532400e+00    9.835613e-02
1.533500e+00    9.955494e-02
1.534600e+00    1.007389e-01
1.535700e+00    1.019006e-01
1.536800e+00    1.030328e-01
1.537900e+00    1.041294e-01
1.539000e+00    1.051852e-01
1.540100e+00    1.061963e-01
1.541200e+00    1.071606e-01
1.542300e+00    1.080774e-01
1.543400e+00    1.089476e-01
1.544500e+00    1.097738e-01
1.545600e+00    1.105603e-01
1.546700e+00    1.113129e-01
1.547800e+00    1.120391e-01
1.548900e+00    1.127479e-01
1.550000e+00    1.134502e-01
1.551100e+00    1.141579e-01
1.552200e+00    1.148844e-01
1.553300e+00    1.156436e-01
1.554400e+00    1.164499e-01
1.555500e+00    1.173181e-01
1.556600e+00    1.182626e-01
1.557700e+00    1.192977e-01
1.558800e+00    1.204375e-01
1.559900e+00    1.216962e-01
1.561000e+00    1.230877e-01
1.562100e+00    1.246263e-01
1.563200e+00    1.263265e-01
1.564300e+00    1.282030e-01
1.565400e+00    1.302710e-01
1.566500e+00    1.325457e-01
1.567600e+00    1.350427e-01
1.568700e+00    1.377778e-01
1.569800e+00    1.407675e-01
1.570900e+00    1.440286e-01
1.572000e+00    1.475787e-01
1.573100e+00    1.514364e-01
1.574200e+00    1.556209e-01
1.575300e+00    1.601519e-01
1.576400e+00    1.650494e-01
1.577500e+00    1.703327e-01
1.578600e+00    1.760197e-01
1.579700e+00    1.821264e-01
1.580800e+00    1.886653e-01
1.581900e+00    1.956450e-01
1.583000e+00    2.030684e-01
1.584100e+00    2.109321e-01
1.585200e+00    2.192246e-01
1.586300e+00    2.279251e-01
1.587400e+00    2.370020e-01
1.588500e+00    2.464113e-01
1.589600e+00    2.560958e-01
1.590700e+00    2.659842e-01
1.591800e+00    2.759910e-01
1.592900e+00    2.860171e-01
1.594000e+00    2.959516e-01
1.595100e+00    3.056740e-01
1.596200e+00    3.150576e-01
1.597300e+00    3.239733e-01
1.598400e+00    3.322940e-01
1.599500e+00    3.398993e-01
1.600600e+00    3.466801e-01
1.601700e+00    3.525428e-01
1.602800e+00    3.574132e-01
1.603900e+00    3.612396e-01
1.605000e+00    3.639945e-01
1.606100e+00    3.656759e-01
1.607200e+00    3.663070e-01
1.608300e+00    3.659346e-01
1.609400e+00    3.646267e-01
1.610500e+00    3.624685e-01
1.611600e+00    3.595586e-01
1.612700e+00    3.560041e-01
1.613800e+00    3.519160e-01
1.614900e+00    3.474047e-01
1.616000e+00    3.425763e-01
1.617100e+00    3.375295e-01
1.618200e+00    3.323530e-01
1.619300e+00    3.271244e-01
1.620400e+00    3.219091e-01
1.621500e+00    3.167603e-01
1.622600e+00    3.117187e-01
1.623700e+00    3.068135e-01
1.624800e+00    3.020632e-01
1.625900e+00    2.974763e-01
1.627000e+00    2.930531e-01
1.628100e+00    2.887870e-01
1.629200e+00    2.846658e-01
1.630300e+00    2.806742e-01
1.631400e+00    2.767944e-01
1.632500e+00    2.730083e-01
1.633600e+00    2.692980e-01
1.634700e+00    2.656467e-01
1.635800e+00    2.620393e-01
1.636900e+00    2.584625e-01
1.638000e+00    2.549048e-01
1.639100e+00    2.513565e-01
1.640200e+00    2.478100e-01
1.641300e+00    2.442597e-01
1.642400e+00    2.407025e-01
1.643500e+00    2.371375e-01
1.644600e+00    2.335669e-01
1.645700e+00    2.299952e-01
1.646800e+00    2.264294e-01
1.647900e+00    2.228787e-01
1.649000e+00    2.193538e-01
1.650100e+00    2.158663e-01
1.651200e+00    2.124289e-01
1.652300e+00    2.090543e-01
1.653400e+00    2.057556e-01
1.654500e+00    2.025458e-01
1.655600e+00    1.994378e-01
1.656700e+00    1.964439e-01
1.657800e+00    1.935756e-01
1.658900e+00    1.908428e-01
1.660000e+00    1.882535e-01
1.661100e+00    1.858133e-01
1.662200e+00    1.835246e-01
1.663300e+00    1.813872e-01
1.664400e+00    1.793980e-01
1.665500e+00    1.775518e-01
1.666600e+00    1.758418e-01
1.667700e+00    1.742604e-01
1.668800e+00    1.727998e-01
1.669900e+00    1.714526e-01
1.671000e+00    1.702120e-01
1.672100e+00    1.690718e-01
1.673200e+00    1.680268e-01
1.674300e+00    1.670723e-01
1.675400e+00    1.662050e-01
1.676500e+00    1.654223e-01
1.677600e+00    1.647231e-01
1.678700e+00    1.641079e-01
1.679800e+00    1.635790e-01
1.680900e+00    1.631400e-01
1.682000e+00    1.627958e-01
1.683100e+00    1.625523e-01
1.684200e+00    1.624154e-01
1.685300e+00    1.623908e-01
1.686400e+00    1.624836e-01
1.687500e+00    1.626982e-01
1.688600e+00    1.630383e-01
1.689700e+00    1.635067e-01
1.690800e+00    1.641062e-01
1.691900e+00    1.648388e-01
1.693000e+00    1.657060e-01
1.694100e+00    1.667081e-01
1.695200e+00    1.678435e-01
1.696300e+00    1.691082e-01
1.697400e+00    1.704954e-01
1.698500e+00    1.719953e-01
1.699600e+00    1.735955e-01
1.700700e+00    1.752812e-01
1.701800e+00    1.770368e-01
1.702900e+00    1.788466e-01
1.704000e+00    1.806957e-01
1.705100e+00    1.825709e-01
1.706200e+00    1.844615e-01
1.707300e+00    1.863593e-01
1.708400e+00    1.882588e-01
1.709500e+00    1.901576e-01
1.710600e+00    1.920561e-01
1.711700e+00    1.939585e-01
1.712800e+00    1.958720e-01
1.713900e+00    1.978078e-01
1.715000e+00    1.997801e-01
1.716100e+00    2.018057e-01
1.717200e+00    2.039029e-01
1.718300e+00    2.060895e-01
1.719400e+00    2.083813e-01
1.720500e+00    2.107900e-01
1.721600e+00    2.133215e-01
1.722700e+00    2.159750e-01
1.723800e+00    2.187421e-01
1.724900e+00    2.216070e-01
1.726000e+00    2.245467e-01
1.727100e+00    2.275315e-01
1.728200e+00    2.305262e-01
1.729300e+00    2.334906e-01
1.730400e+00    2.363807e-01
1.731500e+00    2.391499e-01
1.732600e+00    2.417508e-01
1.733700e+00    2.441370e-01
1.734800e+00    2.462656e-01
1.735900e+00    2.481003e-01
1.737000e+00    2.496138e-01
1.738100e+00    2.507901e-01
1.739200e+00    2.516264e-01
1.740300e+00    2.521334e-01
1.741400e+00    2.523351e-01
1.742500e+00    2.522677e-01
1.743600e+00    2.519768e-01
1.744700e+00    2.515164e-01
1.745800e+00    2.509457e-01
1.746900e+00    2.503279e-01
1.748000e+00    2.497287e-01
1.749100e+00    2.492149e-01
1.750200e+00    2.488538e-01
1.751300e+00    2.487121e-01
1.752400e+00    2.488544e-01
1.753500e+00    2.493424e-01
1.754600e+00    2.502331e-01
1.755700e+00    2.515782e-01
1.756800e+00    2.534237e-01
1.757900e+00    2.558105e-01
1.759000e+00    2.587757e-01
1.760100e+00    2.623544e-01
1.761200e+00    2.665821e-01
1.762300e+00    2.714968e-01
1.763400e+00    2.771395e-01
1.764500e+00    2.835558e-01
1.765600e+00    2.907947e-01
1.766700e+00    2.989086e-01
1.767800e+00    3.079521e-01
1.768900e+00    3.179822e-01
1.770000e+00    3.290583e-01
1.771100e+00    3.412436e-01
1.772200e+00    3.546060e-01
1.773300e+00    3.692195e-01
1.774400e+00    3.851640e-01
1.775500e+00    4.025245e-01
1.776600e+00    4.213876e-01
1.777700e+00    4.418378e-01
1.778800e+00    4.639520e-01
1.779900e+00    4.877938e-01
1.781000e+00    5.134072e-01
1.782100e+00    5.408110e-01
1.783200e+00    5.699916e-01
1.784300e+00    6.008954e-01
1.785400e+00    6.334182e-01
1.786500e+00    6.673926e-01
1.787600e+00    7.025718e-01
1.788700e+00    7.386141e-01
1.789800e+00    7.750673e-01
1.790900e+00    8.113596e-01
1.792000e+00    8.467991e-01
1.793100e+00    8.805866e-01
1.794200e+00    9.118429e-01
1.795300e+00    9.396514e-01
1.796400e+00    9.631130e-01
1.797500e+00    9.814091e-01
1.798600e+00    9.938638e-01
1.799700e+00    1.000000e+00
1.800800e+00    9.995796e-01
1.801900e+00    9.926242e-01
1.803000e+00    9.794119e-01
1.804100e+00    9.604515e-01
1.805200e+00    9.364374e-01
1.806300e+00    9.081921e-01
1.807400e+00    8.766031e-01
1.808500e+00    8.425623e-01
1.809600e+00    8.069145e-01
1.810700e+00    7.704192e-01
1.811800e+00    7.337278e-01
1.812900e+00    6.973746e-01
1.814000e+00    6.617798e-01
1.815100e+00    6.272605e-01
1.816200e+00    5.940457e-01
1.817300e+00    5.622917e-01
1.818400e+00    5.320962e-01
1.819500e+00    5.035099e-01
1.820600e+00    4.765450e-01
1.821700e+00    4.511829e-01
1.822800e+00    4.273801e-01
1.823900e+00    4.050747e-01
1.825000e+00    3.841918e-01
1.826100e+00    3.646498e-01
1.827200e+00    3.463656e-01
1.828300e+00    3.292582e-01
1.829400e+00    3.132514e-01
1.830500e+00    2.982741e-01
1.831600e+00    2.842598e-01
1.832700e+00    2.711454e-01
1.833800e+00    2.588698e-01
1.834900e+00    2.473732e-01
1.836000e+00    2.365972e-01
1.837100e+00    2.264857e-01
1.838200e+00    2.169864e-01
1.839300e+00    2.080520e-01
1.840400e+00    1.996405e-01
1.841500e+00    1.917157e-01
1.842600e+00    1.842459e-01
1.843700e+00    1.772028e-01
1.844800e+00    1.705596e-01
1.845900e+00    1.644619e-01
1.847000e+00    1.583681e-01
1.848100e+00    1.527675e-01
1.849200e+00    1.474635e-01
1.850300e+00    1.424330e-01
1.851400e+00    1.376562e-01
1.852500e+00    1.331162e-01
1.853600e+00    1.287996e-01
1.854700e+00    1.246947e-01
1.855800e+00    1.207914e-01
1.856900e+00    1.170792e-01
1.858000e+00    1.135471e-01
1.859100e+00    1.101830e-01
1.860200e+00    1.069746e-01
1.861300e+00    1.039098e-01
1.862400e+00    1.009780e-01
1.863500e+00    9.817017e-02
1.864600e+00    9.547985e-02
1.865700e+00    9.290217e-02
1.866800e+00    9.043338e-02
1.867900e+00    8.806987e-02
1.869000e+00    8.580736e-02
1.870100e+00    8.364046e-02
1.871200e+00    8.156279e-02
1.872300e+00    7.956743e-02
1.873400e+00    7.764775e-02
1.874500e+00    7.579816e-02
1.875600e+00    7.401459e-02
1.876700e+00    7.229457e-02
1.877800e+00    7.063680e-02
1.878900e+00    6.904048e-02
1.880000e+00    6.750454e-02
1.881100e+00    6.602697e-02
1.882200e+00    6.460466e-02
1.883300e+00    6.323354e-02
1.884400e+00    6.190917e-02
1.885500e+00    6.062745e-02
1.886600e+00    5.938523e-02
1.887700e+00    5.818067e-02
1.888800e+00    5.701317e-02
1.889900e+00    5.588295e-02
1.891000e+00    5.479035e-02
1.892100e+00    5.373522e-02
1.893200e+00    5.271643e-02
1.894300e+00    5.173180e-02
1.895400e+00    5.077835e-02
1.896500e+00    4.985291e-02
1.897600e+00    4.895273e-02
1.898700e+00    4.807597e-02
1.899800e+00    4.722198e-02
1.900900e+00    4.639107e-02
1.902000e+00    4.558410e-02
1.903100e+00    4.480184e-02
1.904200e+00    4.404442e-02
1.905300e+00    4.331102e-02
1.906400e+00    4.259985e-02
1.907500e+00    4.190853e-02
1.908600e+00    4.123461e-02
1.909700e+00    4.057617e-02
1.910800e+00    3.993218e-02
1.911900e+00    3.930266e-02
1.913000e+00    3.868839e-02
1.914100e+00    3.809049e-02
1.915200e+00    3.750983e-02
1.916300e+00    3.694656e-02
1.917400e+00    3.639992e-02
1.918500e+00    3.586831e-02
1.919600e+00    3.534969e-02
1.920700e+00    3.484212e-02
1.921800e+00    3.434424e-02
1.922900e+00    3.385555e-02
1.924000e+00    3.337649e-02
1.925100e+00    3.290810e-02
1.926200e+00    3.245155e-02
1.927300e+00    3.200766e-02
1.928400e+00    3.157649e-02
1.929500e+00    3.115723e-02
1.930600e+00    3.074840e-02
1.931700e+00    3.034820e-02
1.932800e+00    2.995506e-02
1.933900e+00    2.956804e-02
1.935000e+00    2.918703e-02
1.936100e+00    2.881274e-02
1.937200e+00    2.844631e-02
1.938300e+00    2.808890e-02
1.939400e+00    2.774119e-02
1.940500e+00    2.740310e-02
1.941600e+00    2.707377e-02
1.942700e+00    2.675176e-02
1.943800e+00    2.643549e-02
1.944900e+00    2.612368e-02
1.946000e+00    2.581572e-02
1.947100e+00    2.551183e-02
1.948200e+00    2.521286e-02
1.949300e+00    2.492001e-02
1.950400e+00    2.463433e-02
1.951500e+00    2.435635e-02
1.952600e+00    2.408584e-02
1.953700e+00    2.382187e-02
1.954800e+00    2.356306e-02
1.955900e+00    2.330800e-02
1.957000e+00    2.305568e-02
1.958100e+00    2.280579e-02
1.959200e+00    2.255875e-02
1.960300e+00    2.231554e-02
1.961400e+00    2.207732e-02
1.962500e+00    2.184504e-02
1.963600e+00    2.161904e-02
1.964700e+00    2.139896e-02
1.965800e+00    2.118379e-02
1.966900e+00    2.097222e-02
1.968000e+00    2.076301e-02
1.969100e+00    2.055539e-02
1.970200e+00    2.034928e-02
1.971300e+00    2.014527e-02
1.972400e+00    1.994441e-02
1.973500e+00    1.974781e-02
1.974600e+00    1.955625e-02
1.975700e+00    1.936991e-02
1.976800e+00    1.918829e-02
1.977900e+00    1.901033e-02
1.979000e+00    1.883479e-02
1.980100e+00    1.962409e-02
1.981200e+00    1.945790e-02
1.982300e+00    1.929324e-02
1.983400e+00    1.913089e-02
1.984500e+00    1.797575e-02
1.985600e+00    1.781137e-02
1.986700e+00    1.765136e-02
1.987800e+00    1.749573e-02
1.988900e+00    1.734386e-02
1.990000e+00    1.719467e-02
1.991100e+00    1.704700e-02
1.992200e+00    1.689995e-02
1.993300e+00    1.675317e-02
1.994400e+00    1.660696e-02
1.995500e+00    1.646214e-02
1.996600e+00    1.631978e-02
1.997700e+00    1.618081e-02
1.998800e+00    1.604570e-02
1.999900e+00    1.591429e-02
2.001000e+00    1.578587e-02
2.002100e+00    1.565935e-02
2.003200e+00    1.553366e-02
2.004300e+00    1.540807e-02
2.005400e+00    1.528241e-02
2.006500e+00    1.515715e-02
2.007600e+00    1.503316e-02
2.008700e+00    1.491148e-02
2.009800e+00    1.479292e-02
2.010900e+00    1.467778e-02
2.012000e+00    1.456578e-02
2.013100e+00    1.445610e-02
2.014200e+00    1.434768e-02
2.015300e+00    1.423955e-02
2.016400e+00    1.413114e-02
2.017500e+00    1.402247e-02
2.018600e+00    1.391411e-02
2.019700e+00    1.380699e-02
2.020800e+00    1.370209e-02
2.021900e+00    1.360008e-02
2.023000e+00    1.350111e-02
2.024100e+00    1.340477e-02
2.025200e+00    1.331018e-02
2.026300e+00    1.321632e-02
2.027400e+00    1.312233e-02
2.028500e+00    1.302781e-02
2.029600e+00    1.293293e-02
2.030700e+00    1.283836e-02
2.031800e+00    1.274505e-02
2.032900e+00    1.265391e-02
2.034000e+00    1.256546e-02
2.035100e+00    1.247972e-02
2.036200e+00    1.239615e-02
2.037300e+00    1.231384e-02
2.038400e+00    1.223182e-02
2.039500e+00    1.214935e-02
2.040600e+00    1.206619e-02
2.041700e+00    1.198265e-02
2.042800e+00    1.189949e-02
2.043900e+00    1.181765e-02
2.045000e+00    1.173793e-02
2.046100e+00    1.166073e-02
2.047200e+00    1.158592e-02
2.048300e+00    1.151286e-02
2.049400e+00    1.144063e-02
2.050500e+00    1.136831e-02
2.051600e+00    1.129532e-02
2.052700e+00    1.122155e-02
2.053800e+00    1.114745e-02
2.054900e+00    1.107382e-02
2.056000e+00    1.100157e-02
2.057100e+00    1.093141e-02
2.058200e+00    1.086360e-02
2.059300e+00    1.079787e-02
2.060400e+00    1.073350e-02
2.061500e+00    1.066958e-02
2.062600e+00    1.060528e-02
2.063700e+00    1.054014e-02
2.064800e+00    1.047421e-02
2.065900e+00    1.040803e-02
2.067000e+00    1.034245e-02
2.068100e+00    1.027832e-02
2.069200e+00    1.021625e-02
2.070300e+00    1.015635e-02
2.071400e+00    1.009823e-02
2.072500e+00    1.004113e-02
2.073600e+00    9.984142e-03
2.074700e+00    9.926537e-03
2.075800e+00    9.867991e-03
2.076900e+00    9.808690e-03
2.078000e+00    9.749263e-03
2.079100e+00    9.690566e-03
2.080200e+00    9.633398e-03
2.081300e+00    9.578230e-03
2.082400e+00    9.525050e-03
2.083500e+00    9.473364e-03
2.084600e+00    9.422363e-03
2.085700e+00    9.371188e-03
2.086800e+00    9.319214e-03
2.087900e+00    9.266254e-03
2.089000e+00    9.212617e-03
2.090100e+00    9.159002e-03
2.091200e+00    9.106260e-03
2.092300e+00    9.055111e-03
2.093400e+00    9.005903e-03
2.094500e+00    8.958496e-03
2.095600e+00    8.912310e-03
2.096700e+00    8.866515e-03
2.097800e+00    8.820310e-03
2.098900e+00    8.773181e-03
