Dynamical matrix file
                                                                           
  2    2  0  4.7370521  0.0000000  0.0000000  0.0000000  0.0000000  0.0000000
Basis vectors
      1.000000000    0.000000000    0.000000000
     -0.500000000    0.866025614    0.000000000
      0.000000000    0.000000000    5.983867419
           1  'B   '    9853.62370169200     
           2  'N   '    12766.3260662741     
    1    1     -0.0000004999      0.5773506981      2.9919337096
    2    2      0.5000005001      0.2886749161      2.9919337096

     Dynamical  Matrix in cartesian axes

     q = (    0.000000000   0.000000000   0.000000000 ) 

    1    1
  0.83843190  0.00000000   -0.00000000  0.00000000    0.00000000  0.00000000
 -0.00000000  0.00000000    0.83843149  0.00000000    0.00000000  0.00000000
  0.00000000  0.00000000    0.00000000  0.00000000    0.30003388  0.00000000
    1    2
 -0.83661153  0.00000000    0.00000000  0.00000000    0.00000000  0.00000000
  0.00000000  0.00000000   -0.83661112  0.00000000    0.00000000  0.00000000
  0.00000000  0.00000000    0.00000000  0.00000000   -0.30165084  0.00000000
    2    1
 -0.83661153  0.00000000    0.00000000  0.00000000    0.00000000  0.00000000
  0.00000000  0.00000000   -0.83661112  0.00000000    0.00000000  0.00000000
  0.00000000  0.00000000    0.00000000  0.00000000   -0.30165084  0.00000000
    2    2
  0.85090646  0.00000000   -0.00000000  0.00000000    0.00000000  0.00000000
 -0.00000000  0.00000000    0.85090604  0.00000000   -0.00000000  0.00000000
  0.00000000  0.00000000   -0.00000000  0.00000000    0.31504410  0.00000000

     Dielectric Tensor:

          1.828285656268         -0.000000000191         -0.000000000000
         -0.000000000191          1.828285253765         -0.000000000000
         -0.000000000000         -0.000000000000          1.159872350490

     Effective Charges E-U: Z_{alpha}{s,beta}

     atom #    1
          2.695621526166          0.000000000070          0.000000000000
          0.000000000070          2.695621674077         -0.000000000000
          0.000000000000         -0.000000000000          0.282367448668
     atom #    2
         -2.693702638873          0.000000001772          0.000000000000
          0.000000001772         -2.693698900148         -0.000000000000
          0.000000000000          0.000000000000         -0.281754182019

     Diagonalizing the dynamical matrix

     q = (    0.000000000   0.000000000   0.000000000 ) 

 **************************************************************************
     freq (    1) =       2.358443 [THz] =      78.669188 [cm-1]
 ( -0.000000  0.000000  0.000000  0.000000  0.714980  0.000000 ) 
 ( -0.000000  0.000000  0.000000  0.000000  0.699145  0.000000 ) 
     freq (    2) =       2.774036 [THz] =      92.531873 [cm-1]
 (  0.000336  0.000000  0.709302  0.000000 -0.000000  0.000000 ) 
 (  0.000334  0.000000  0.704905  0.000000 -0.000000  0.000000 ) 
     freq (    3) =       2.774036 [THz] =      92.531896 [cm-1]
 (  0.709302  0.000000 -0.000336  0.000000  0.000000  0.000000 ) 
 (  0.704905  0.000000 -0.000334  0.000000  0.000000  0.000000 ) 
     freq (    4) =      24.312112 [THz] =     810.964754 [cm-1]
 (  0.000000  0.000000  0.000000  0.000000 -0.784939  0.000000 ) 
 (  0.000000  0.000000  0.000000  0.000000  0.619573  0.000000 ) 
     freq (    5) =      40.430273 [THz] =    1348.608748 [cm-1]
 ( -0.000374  0.000000 -0.789780  0.000000 -0.000000  0.000000 ) 
 (  0.000291  0.000000  0.613390  0.000000  0.000000  0.000000 ) 
     freq (    6) =      40.430283 [THz] =    1348.609076 [cm-1]
 (  0.789780  0.000000 -0.000374  0.000000 -0.000000  0.000000 ) 
 ( -0.613390  0.000000  0.000291  0.000000  0.000000  0.000000 ) 
 **************************************************************************
