#                                                           
#  /$$     /$$ /$$$$$$  /$$      /$$ /$$$$$$$   /$$$$$$     
# |  $$   /$$//$$__  $$| $$$    /$$$| $$__  $$ /$$__  $$    
#  \  $$ /$$/| $$  \ $$| $$$$  /$$$$| $$  \ $$| $$  \ $$    
#   \  $$$$/ | $$$$$$$$| $$ $$/$$ $$| $$$$$$$ | $$  | $$    
#    \  $$/  | $$__  $$| $$  $$$| $$| $$__  $$| $$  | $$    
#     | $$   | $$  | $$| $$\  $ | $$| $$  \ $$| $$  | $$    
#     | $$   | $$  | $$| $$ \/  | $$| $$$$$$$/|  $$$$$$/    
#     |__/   |__/  |__/|__/     |__/|_______/  \______/     
#                                                           
#             GPL Version 4.1.4 Revision 76                 
#                       MPI Build                           
#               http://www.yambo-code.org                   
#
QPDBs                        # [R] Quasi-particle databases
QPDB_edit                    # [R] Generation/editing
%QPkrange            # [QPDB] QP correctionQPDB energy correction( kp1| kp2| bnd1| bnd2| E-Eo[eV]| Img(E)[eV]| Re[Z] |)
  1|  1|139|139|   -0.536880|    0.012901|    0.825491|
  1|  1|139|139|   -0.532555|    0.012872|    0.825583|
  1|  1|140|140|   -0.345229|    0.011836|    0.828195|
  1|  1|140|140|   -0.328737|    0.011737|    0.829103|
  1|  1|141|141|   -0.277075|    0.011838|    0.828598|
  1|  1|141|141|   -0.263241|    0.011660|    0.828864|
  1|  1|142|142|   -0.819019|    0.013999|    0.823759|
  1|  1|142|142|   -0.710991|    0.013768|    0.824398|
  1|  1|143|143|   -0.156362|    0.011280|    0.821828|
  1|  1|143|143|    2.807956|   -0.013815|    0.833072|
  1|  1|144|144|    2.440413|   -0.011733|    0.847098|
  1|  1|144|144|    2.624334|   -0.014053|    0.841210|
  1|  1|145|145|    2.604651|   -0.013394|    0.853467|
  1|  1|145|145|    2.603454|   -0.013133|    0.853141|
  1|  1|146|146|    2.616597|   -0.013311|    0.854320|
  1|  1|146|146|    2.622864|   -0.013297|    0.854231|
  1|  1|147|147|    1.601292|   -0.007390|    0.930858|
  1|  1|147|147|    1.590614|   -0.007384|    0.930967|
  1|  1|148|148|    2.664415|   -0.012843|    0.858533|
  1|  1|148|148|    2.664179|   -0.013357|    0.856952|
  1|  1|149|149|    2.663378|   -0.013067|    0.857147|
  1|  1|149|149|    2.667174|   -0.013275|    0.858215|
  2|  2|139|139|   -0.395313|    0.012284|    0.827551|
  2|  2|139|139|   -0.377328|    0.012019|    0.828086|
  2|  2|140|140|   -0.382150|    0.012104|    0.828319|
  2|  2|140|140|   -0.379699|    0.012050|    0.828488|
  2|  2|141|141|   -0.378694|    0.012128|    0.827757|
  2|  2|141|141|   -0.366712|    0.011976|    0.827890|
  2|  2|142|142|   -0.828607|    0.014010|    0.823729|
  2|  2|142|142|   -0.719863|    0.013786|    0.824155|
  2|  2|143|143|   -0.160715|    0.011280|    0.821995|
  2|  2|143|143|    2.806321|   -0.013853|    0.833253|
  2|  2|144|144|    2.443373|   -0.011721|    0.846735|
  2|  2|144|144|    2.645641|   -0.014213|    0.840768|
  2|  2|145|145|    2.661932|   -0.013284|    0.854356|
  2|  2|145|145|    2.659770|   -0.013615|    0.854270|
  2|  2|146|146|    2.659645|   -0.013378|    0.854026|
  2|  2|146|146|    2.659168|   -0.013603|    0.854114|
  2|  2|147|147|    2.680036|   -0.013513|    0.852998|
  2|  2|147|147|    2.680165|   -0.013693|    0.853200|
  2|  2|148|148|    2.678327|   -0.013396|    0.853671|
  2|  2|148|148|    1.617721|   -0.007493|    0.929948|
  2|  2|149|149|    1.623589|   -0.007503|    0.929867|
  2|  2|149|149|    2.679258|   -0.013599|    0.853032|
  3|  3|139|139|   -0.382948|    0.012331|    0.827313|
  3|  3|139|139|   -0.390168|    0.012059|    0.828694|
  3|  3|140|140|   -0.396844|    0.012182|    0.828509|
  3|  3|140|140|   -0.359261|    0.012006|    0.827781|
  3|  3|141|141|   -0.377374|    0.012048|    0.828163|
  3|  3|141|141|   -0.372935|    0.011995|    0.828159|
  3|  3|142|142|   -0.843311|    0.014052|    0.825119|
  3|  3|142|142|   -0.730122|    0.013794|    0.823426|
  3|  3|143|143|   -0.151551|    0.011300|    0.821926|
  3|  3|143|143|    2.814880|   -0.013867|    0.832951|
  3|  3|144|144|    2.431269|   -0.011751|    0.847287|
  3|  3|144|144|    2.627194|   -0.014062|    0.840583|
  3|  3|145|145|    2.651585|   -0.013273|    0.854397|
  3|  3|145|145|    2.652603|   -0.013533|    0.854621|
  3|  3|146|146|    2.650612|   -0.013371|    0.853591|
  3|  3|146|146|    2.653306|   -0.013652|    0.853404|
  3|  3|147|147|    2.666955|   -0.013441|    0.852678|
  3|  3|147|147|    2.670913|   -0.013567|    0.853383|
  3|  3|148|148|    2.678319|   -0.013511|    0.853193|
  3|  3|148|148|    1.610579|   -0.007445|    0.930484|
  3|  3|149|149|    1.620224|   -0.007465|    0.930369|
  3|  3|149|149|    2.671590|   -0.013921|    0.852205|
  4|  4|139|139|   -0.395076|    0.012268|    0.827500|
  4|  4|139|139|   -0.377093|    0.012019|    0.828109|
  4|  4|140|140|   -0.381651|    0.012101|    0.828352|
  4|  4|140|140|   -0.379371|    0.012049|    0.828449|
  4|  4|141|141|   -0.378777|    0.012129|    0.827718|
  4|  4|141|141|   -0.366673|    0.011974|    0.827910|
  4|  4|142|142|   -0.828203|    0.014004|    0.823491|
  4|  4|142|142|   -0.719744|    0.013783|    0.824169|
  4|  4|143|143|   -0.160656|    0.011281|    0.822106|
  4|  4|143|143|    2.806220|   -0.013864|    0.833206|
  4|  4|144|144|    2.443360|   -0.011730|    0.846707|
  4|  4|144|144|    2.645430|   -0.014193|    0.840663|
  4|  4|145|145|    2.661436|   -0.013286|    0.854390|
  4|  4|145|145|    2.659420|   -0.013628|    0.854267|
  4|  4|146|146|    2.660136|   -0.013377|    0.853986|
  4|  4|146|146|    2.659539|   -0.013607|    0.854052|
  4|  4|147|147|    2.679356|   -0.013512|    0.852957|
  4|  4|147|147|    2.679322|   -0.013673|    0.853192|
  4|  4|148|148|    2.677037|   -0.013389|    0.853647|
  4|  4|148|148|    1.617363|   -0.007493|    0.929945|
  4|  4|149|149|    1.623295|   -0.007503|    0.929881|
  4|  4|149|149|    2.679092|   -0.013610|    0.853052|
%
